6.813302098646488503e+01
2.204784796553720838e+01
3.702664335668001172e+01
3.318914163138813933e+01
4.682273438073089977e+01
4.276784696860840285e+01
6.860596541754688360e+01
2.319781925893973096e+01
2.666167487694923111e+01
6.521251485621827726e+01
6.422432050133821235e+01
2.952038319509523490e+01
3.959694467060907641e+01
2.886021957584448927e+01
4.030885979091603133e+01
5.006731309997162072e+01
6.662363874149457388e+01
6.980438914349070956e+01
6.391278101984234183e+01
6.190569415786203677e+01
