5.172507591493581458e+01
2.031301098414459716e+01
5.770959165476531183e+01
5.193727324092603936e+01
4.339580856726013280e+01
6.029200858809094399e+01
3.040206272187545267e+01
3.793759269022417868e+01
6.563926110348124610e+01
6.099526974029935644e+01
6.621875300243614504e+01
2.329867945514258309e+01
2.428832307316012162e+01
4.654375728701543835e+01
5.384031659231857958e+01
4.846554766764188571e+01
3.065683224745008673e+01
4.255371330738714164e+01
3.602490526596013609e+01
5.000403082861095072e+01
4.438698712643737565e+01
5.321407424978405487e+01
3.404567027785707012e+01
5.940409664973500270e+01
6.758849503038766215e+01
