2.340649132343813932e+01
3.818450304285030938e+01
4.062581024297094245e+01
4.620820902961834520e+01
5.644783761758785090e+01
3.024671637097342369e+01
2.047239329531912944e+01
4.043015328062185176e+01
6.969140369093037179e+01
6.063698186693063263e+01
2.882105513324794543e+01
6.097299790368491301e+01
2.673281470691142658e+01
3.488238906895115576e+01
4.963530654528680941e+01
6.519738268918581525e+01
3.757060488023579126e+01
5.666861920710680067e+01
5.964026919033729257e+01
4.215724332493622484e+01
2.028698373598657767e+01
4.684816424174006499e+01
5.335299565855929416e+01
3.973706691517594436e+01
3.781551765321286496e+01
2.821909167092449522e+01
4.429566441762500517e+01
5.853279791775672436e+01
4.552636901068643738e+01
2.821887221382475630e+01
