5.304799299960482273e+01
4.484409966990528318e+01
6.114920789694830461e+01
2.753651584091181803e+01
4.755374570977616600e+01
4.268963640050705521e+01
6.335520386396937909e+01
4.151878392341244250e+01
5.653815032291396392e+01
2.069062701259196047e+01
5.768403517967728789e+01
2.482205593031769197e+01
4.975172829609860514e+01
3.685579070682163660e+01
5.821382518970036557e+01
2.385756936308762022e+01
6.811256109436605755e+01
3.852699795957974516e+01
6.546138521189524795e+01
5.777354541368110574e+01
6.831496170251436695e+01
6.088965366553472336e+01
5.068085734350833604e+01
2.371104691544154974e+01
4.466093989270763132e+01
3.254755564366985965e+01
6.296845873696133822e+01
5.741399630005025045e+01
4.653840646960653515e+01
5.290183522455505738e+01
3.486200439739537416e+01
5.845627503791961033e+01
2.415458084218674628e+01
6.483547330381756524e+01
5.966947065225306090e+01
5.140252566707266624e+01
4.042302180937737432e+01
5.480086654404355073e+01
2.678825026135560705e+01
5.437917760893347463e+01
