4.797477346280598454e+01
4.970718532354464259e+01
3.044340439187580927e+01
3.979998018207018617e+01
5.751158122727170507e+01
4.613518197820273770e+01
6.621970386951295495e+01
6.253990170192747655e+01
2.757781142211283409e+01
6.267553376931784470e+01
4.936891305085993054e+01
4.934363713917961292e+01
2.445712964711605508e+01
2.690453899969684670e+01
4.857935379085154892e+01
5.759238891426110740e+01
6.798282476137862318e+01
4.832242037518199851e+01
6.438090136418503562e+01
4.014719531475197556e+01
2.148836964702374175e+01
4.857797522353833841e+01
2.751044351689946765e+01
6.856012030769448984e+01
5.835385902264683011e+01
3.399768314600024866e+01
6.374064676921454975e+01
5.745971405941367038e+01
6.061769253987873185e+01
5.356431335955322481e+01
4.176974791692225608e+01
3.255882171097617572e+01
3.348943600803941933e+01
2.014579598902196977e+01
3.510104459996992432e+01
3.504957164397970359e+01
2.090053797884620934e+01
3.486707167291019971e+01
2.626373791344526154e+01
4.214166967780537476e+01
5.300859389671528987e+01
4.605120124862059328e+01
6.528938797157721297e+01
3.951570380489263812e+01
3.967183179739429733e+01
4.177958233504504904e+01
4.479111618845549714e+01
5.408709207933562624e+01
4.506092357220055078e+01
5.431524320216710322e+01
